Article,Acta,Adv.Theor.Math.Phys.,Annals,Class.Quant.Grav.,Commun.Math.Phys.,Eur.Phys.J.,Fortsch.Phys.,Int.,Int.J.Mod.Phys.,Int.J.Theor.Phys.,J.Geom.Phys.,J.Math.Phys.,J.Phys.,JHEP,Lett.Math.Phys.,Mod.,Mod.Phys.Lett.,Nucl.,Nucl.Phys.,Nucl.Phys.Proc.Suppl.,Nuovo,Phys.,Phys.Lett.,Phys.Rev.,Phys.Rev.Lett.,Prog.Theor.Phys.,Theor.Math.Phys.,Z.Phys.
9811192,0.0001713824881362057,0.008216971078448687,0.0009252741270255118,0.03087074713419734,0.016521384905669814,0.005609160180620052,0.004422482338926692,2.995486236917068e-06,0.019042725933047344,5.9927328307639034e-05,0.0028006746040700656,0.009830004570634246,0.0015143810895276721,0.1938620954087275,0.0028291295924780316,1.977732011775635e-05,0.032005733344632574,0.00025685631788851767,0.1892909930972785,0.0120827350715279,1.4183956008160599e-06,0.00028669607220203186,0.2514585304550712,0.18347862110526536,0.02396933048272642,0.010037058158848032,0.0004325781435426731,3.3576924470523334e-07
9811002,0.0001554083490708232,0.008687796266847654,0.0020970430194256306,0.031432359792433265,0.01501814760825668,0.0050821002921604165,0.004577792104048222,1.936976714340924e-05,0.028169566178500142,0.00011409790527624103,0.0035657935519702163,0.011116684366452466,0.0017232099534749109,0.16415701100705504,0.002209154125024972,6.363005557640003e-05,0.03052147097705686,0.0007326963951239479,0.22319264636232425,0.015288062103756883,1.7170233325440177e-06,0.0007807790786043245,0.23107338857404916,0.19205173455992522,0.018130435862980306,0.009682562822069809,0.00035295778238372735,2.384115676587209e-06
203206,0.00037416004010721676,0.007520602674411428,0.0011380214658636473,0.031897552109788965,0.01963793921223691,0.006749572482888809,0.005067828993377924,5.37777188099166e-06,0.021022814708680414,0.00011822202075032741,0.003030216208543104,0.01264249670944266,0.002963042810661852,0.16538635504154714,0.0044679906571642395,3.6028754906105334e-05,0.03984391583997836,0.0003514895157044526,0.17572207428096595,0.011965103523851035,6.423419961861595e-06,0.00043221794771530346,0.26111928515563004,0.1868464147839405,0.02841917461443119,0.012350711363229221,0.0008842135536178097,7.543387225550337e-07
8221,0.0002169694836272065,0.008996570715767054,0.0035108588585025468,0.033369670897191554,0.01265685314006477,0.0048104040396401695,0.005571403660556178,5.579496086818069e-05,0.036873214314698935,0.00023274401506047067,0.0039455992738845445,0.011350965604481865,0.0024217109919279453,0.1519243288723471,0.0018284183139100254,0.00011533065688781467,0.030681496891268024,0.0012747104867085728,0.24502326369921407,0.018021046713592243,3.099393018192779e-06,0.0013205490494514337,0.20851885092707068,0.19337653958154324,0.013320797668539032,0.010195642243018185,0.0003757758673312481,7.38967982873066e-06
9909164,0.0007292274998621468,0.006223286820953535,0.0071547744852065425,0.029239456922770045,0.02675618138931492,0.007521904723641139,0.0047197223258583524,0.0006517989396517828,0.04572574695521164,0.0008453575767249627,0.0055651239652692586,0.02737025565264644,0.00889243542738912,0.07015701495759677,0.007382924101102719,0.0013176504660577717,0.0497575763618186,0.005184284028925848,0.18656664641231496,0.015792052871667572,8.950058521784816e-05,0.007202204915915967,0.24088270741672438,0.19932074718451778,0.02869453417153928,0.01427165211774134,0.0018135621397850023,0.00017166958457420924
208032,0.002939182123994793,0.009345262441268523,0.002266422830060365,0.047461558856495646,0.005705551700243803,0.005073801253551872,0.0186745032311569,8.010737130949937e-06,0.03612641736352054,0.0012280301074080002,0.002433345254287881,0.006618409189710229,0.011477714833518086,0.22066270909437283,0.001383102170666082,1.9329130304269027e-05,0.03801523600793961,0.00032718663230054654,0.22596315601431066,0.01878063921530344,4.6811999261274125e-05,0.00033537176264035175,0.15618696993931785,0.16528155504236242,0.005645923409521924,0.01673266213488377,0.0012601101579315572,1.027366535771407e-06
9711017,0.0007383678480343401,0.00770226340075995,0.0024718272595179486,0.035035973611380354,0.01713763795317023,0.006773871284666511,0.006800531096599817,2.827088956004253e-05,0.03148507872685755,0.0003785351356707912,0.0036369736677790135,0.014535527666800725,0.005786241429753066,0.14106712615249148,0.004171796233967305,0.00010289340845643417,0.043665232691619794,0.0008503613938167983,0.19691647873442528,0.01496798626304656,2.3116701398719565e-05,0.0010433373930506884,0.23606744283437134,0.1923900478551546,0.020742844082315408,0.014250058446980466,0.0012254377068805626,4.740131474476465e-06
9708019,0.0068789213118844806,0.0038941530483571516,0.01411469157182536,0.02638232152715462,0.028716738564111114,0.009393755134291625,0.0064630680260887655,0.005199399960111017,0.056316693916075716,0.007696026458748063,0.005703491520421191,0.041921198984954194,0.05726212143512265,0.03170583017906615,0.017385078542163857,0.007801653038045039,0.07065652798544356,0.013655179543473195,0.1264900615763608,0.01353183948443767,0.007709256901485498,0.024051089542196296,0.19183754576004608,0.16299573285560306,0.027702882303951088,0.02077008264436652,0.011071990034300717,0.0026926681499147087
205217,0.00469653948846639,0.005322940288851302,0.013692455183877418,0.03224004621181704,0.02093669374571585,0.008243130536904775,0.00840958444621353,0.0026599461443941397,0.06311350932222977,0.005934352384872735,0.005634236519173592,0.030974778719676587,0.03869313865118451,0.05133200451512292,0.009087894884190878,0.0033553786973926367,0.06276562070861227,0.00963772588920428,0.16996507235308217,0.01729648357289793,0.001994527403477303,0.014580619477146124,0.1928862283821042,0.1808149426248072,0.018942177768516005,0.02002702527940765,0.005757793391779038,0.001005153408881753
9706210,0.000471810238500361,0.010873658357709563,0.009287905619298827,0.040864747964442553,0.0038156244188827394,0.0028868868753463423,0.012479435410810697,0.00022462338590817032,0.06488665634788206,0.001264427315940585,0.003601506012499653,0.006027834343723865,0.004141908297652749,0.17022988366074235,0.0004131184467525023,0.00011923800617182306,0.02235106892102365,0.00218814911703598,0.3177109528906855,0.028375788697529266,4.8069260239116266e-06,0.0017773908268852285,0.1161195178585695,0.1672555786332869,0.0025787688834593573,0.009799006323143148,0.00022404659897653706,2.5659621116177933e-05
9711202,2.29248327542124e-05,0.008034055794722546,0.003328694687278059,0.02299310123640757,0.02398412069419565,0.004478350493266515,0.0018407296973877805,0.00011730553196227703,0.02970920100125835,3.9740446035488074e-05,0.005006859395063389,0.01575765526276513,0.0005617711642049492,0.10982121543577789,0.0023717205499764605,0.0002872351891379932,0.024300655293739554,0.0023649964645679187,0.23053727197652368,0.014801604338407874,2.5608873870697815e-07,0.0025109030997718675,0.25844797594912994,0.20344223097926314,0.02874386371645579,0.006345314514520128,0.00013506361622633525,1.5182550460892845e-05
9411068,0.0014085811132364084,0.004085562125138758,0.021102757434608453,0.022120950300058288,0.030339503244383195,0.007323218820359344,0.003750590901747346,0.017403276569309827,0.06267608515876984,0.0035513846349886744,0.006993286008717462,0.04309478794969967,0.021491063116078374,0.02686677521570571,0.011454499019285582,0.016728662863442482,0.05278834424889514,0.029175775847145664,0.1454637434007761,0.01473665307899322,0.0010257541081183604,0.046378273151171295,0.1891354280354832,0.16786470362560368,0.02706742481291553,0.014158179320249776,0.0036657317308899273,0.00814900416422841
9205040,0.002068454757442674,0.0035696722183737825,0.020127987709546876,0.020869176582986752,0.03318523823829094,0.007874444474297481,0.0036734515199339053,0.018868934701305125,0.05884067604020315,0.004450112369910395,0.006744833969327893,0.047359193070257495,0.029013700423950527,0.02264813826917885,0.015251682362265517,0.020390701605165644,0.05704264213543245,0.029616189434099993,0.12634930129642782,0.013179258679679975,0.0023285795150281793,0.050354742566583066,0.18615292617257045,0.1588150896276648,0.030557534296004687,0.015061648554836066,0.005486916137347815,0.010118773271887595
9808098,0.006610948760103206,0.005679589006593317,0.012119260554021533,0.03544498932651992,0.017359358078845206,0.008127112556173205,0.010730164154643966,0.0015337303513103693,0.06291457491069505,0.007070225446281211,0.005125804905406937,0.026514026093354577,0.04499362484131735,0.0612674104928158,0.007708351511945756,0.001989585121793854,0.06333814626593372,0.006816958947087131,0.1762360869811629,0.018035199447817157,0.0023111438025214246,0.010012364865313867,0.1849911997057328,0.17934390131622596,0.015504430300037422,0.021511664120116073,0.006172190947298414,0.0005379571889319526
9401155,0.006582335777022653,0.003067490699112659,0.019913505929108413,0.021343399125191013,0.02891977551865336,0.008456412986079897,0.005009701239454939,0.018193580474638895,0.05816463012164811,0.010552988392088795,0.00589417442750295,0.04667079116982517,0.06342484455669474,0.01982359427497738,0.018753232942574735,0.020333351550829923,0.06482338927450813,0.025889501701207664,0.10706046166381916,0.012131048684165771,0.013737364309930973,0.04728137195940814,0.16400527538942172,0.14210308603772345,0.02612955413521264,0.01827680471488578,0.011827011590030353,0.01163132135428258
9804078,0.008030238729720276,0.004161456765515696,0.016560648963926373,0.02819221733802974,0.023431963253886263,0.008737002934496002,0.007734349268809531,0.006123236972023126,0.06286985840387378,0.010303648756877632,0.005663085406021498,0.037583583961233576,0.06284828402489889,0.034226903691708874,0.013371923940990882,0.007348506931759324,0.0680629186533688,0.014461549456695049,0.13753725550956641,0.015022809596946844,0.00804204054968762,0.0242707960358193,0.177711055149687,0.16246595109597123,0.020987928295449456,0.021075266067080232,0.01013838808121038,0.0030371321647462176
9807015,0.007611915703950989,0.0035332082058798318,0.01737263784232431,0.024519564304987147,0.02747801408530483,0.008913811624329573,0.006162355823939646,0.009810203106264272,0.059172936391917216,0.010211515887702914,0.0057833610981874286,0.04334991233747666,0.06520494555048238,0.02592028480656858,0.017336066851214457,0.012191237822983524,0.06845685301028422,0.01871348934032446,0.11908448335534956,0.013222335911244104,0.011590866574985195,0.03336891690999113,0.17521785682789742,0.15298891731168146,0.025230509595558087,0.020062387720294745,0.011877892489071453,0.005613519509804246
9408088,0.005166236222319678,0.003704734223884634,0.01638896621369628,0.02434364584222609,0.030471116649935938,0.00900543048050996,0.005443706671241948,0.008801789530008592,0.05773792851226855,0.007127526422496408,0.006055585422735159,0.04480403399803769,0.0501556768161627,0.0273376762558108,0.01752412867230822,0.011738609474999582,0.06725399787336483,0.01852526586390769,0.12421398029534363,0.013323835052702461,0.0064728612222553624,0.03266940027472404,0.18881383533953347,0.16056585794662948,0.028850650491767976,0.019086815989407622,0.009649390677396282,0.004767317564325132
9711037,1.210638813102689e-07,0.008909185115103866,0.002336363953192572,0.012494052015320195,0.027639055911449568,0.002085418835055114,0.00030022570828513355,0.00011416917777033639,0.019251627067458508,7.420762215755299e-07,0.005587559937428283,0.0108887394400009,1.2060250345775407e-05,0.10703232752664345,0.0006665853149516385,0.0002327757708252227,0.0084539453458185,0.003037501594194689,0.27213968286995266,0.012708824964645008,1.2310637639829463e-10,0.00241359423946514,0.2689194124064198,0.19746076464592513,0.035570895667273277,0.0017331287783613814,3.6823069627261956e-06,7.557893941847039e-06
9406021,0.002781859786561114,0.003458589381491009,0.02020141029034935,0.0211202448638035,0.03226558282222133,0.00806692983115301,0.003995107641462616,0.018816070180820932,0.059046353397642984,0.00556108952335664,0.0065624505566829324,0.047487031197377544,0.03564120532215011,0.02204458245902401,0.01616508631274779,0.02050562072601391,0.05929413755546334,0.028817729536965573,0.12199153523259346,0.012990495350518745,0.003659719371671116,0.049882019223348596,0.1814883363928728,0.15543653043427472,0.029570249482661282,0.015910787417235134,0.006694865766189296,0.010544379943347011
9406208,5.981921893933428e-05,0.004518667684562925,0.01696635367594725,0.015973127326588867,0.04034550127961206,0.005242539336385969,0.0012282032067760643,0.01713793844929962,0.04956185401895289,0.00029843838085915275,0.008135424912974903,0.040293743192358476,0.0022366927754314384,0.02719139587614785,0.0068307798923901665,0.016797979080900347,0.03164750588922469,0.035687937546944916,0.16627245464331666,0.013689685382851166,1.1135118123547076e-05,0.04934358313747085,0.21933672995975417,0.17894211236435975,0.039226107068582955,0.007011810187771645,0.00048400046776297283,0.0055284799257092005
9311055,1.8592182024272145e-05,0.005026419127353103,0.016515730110953444,0.014909024448274875,0.03844042050247575,0.0043382892570496935,0.0009109107407622895,0.016197584509502743,0.04804989569063906,0.00012925404444360923,0.00845415102593809,0.03515537015504266,0.00093193106298032,0.030286720896221038,0.004446049738219584,0.01408424872877236,0.02483277294132759,0.03679057599604734,0.1878101024825527,0.01436476714736422,1.69513924175262e-06,0.04618258719448428,0.2215152477994888,0.1838845134094448,0.0369447227758383,0.005344702767899428,0.00019549280318118954,0.0042382273224768185
9811164,0.004398313957361173,0.004429127237164256,0.012501834958798865,0.027764748077376163,0.029225015970073404,0.009245036865368388,0.006216931648089001,0.003395303932650112,0.05535045667986324,0.004926584489801526,0.005836162702696774,0.03950184455267492,0.040052461647924455,0.038758156251193505,0.01500619510114321,0.005468456379543524,0.06773359419186295,0.011369108531523339,0.1413287973841209,0.014370495125627736,0.003080146434293248,0.019082847755512656,0.2077415302640139,0.1752430928561191,0.02888948832011117,0.01976968629088083,0.007793023323710383,0.001521559070501326
9904123,0.006575128197266397,0.006083584446009319,0.0021439531254257905,0.03866640042100227,0.019309843850755043,0.009774316388697466,0.011399887315978604,2.1123869325595424e-05,0.03011421814917938,0.0015411926287792824,0.0031747247712373907,0.01840834946841363,0.028114230346027922,0.11752250603840671,0.009965396996176655,0.00011363935855355357,0.06789938527846029,0.0006392218908368438,0.1471965072855573,0.01268687262791831,0.0007617745859784414,0.0009632284805354542,0.2334442583702387,0.1781764517475311,0.024946601348780056,0.023371246799787592,0.006980769425483003,5.186787657793677e-06
104169,7.207231225891273e-05,0.01347079228015313,0.003116551559292199,0.037441583421422536,0.0014793849523205374,0.0014411748992963112,0.010692769469476086,1.0205010672050608e-05,0.03955531250984987,0.0001746351522697565,0.0020394443846893677,0.001875594082419216,0.000622103924953822,0.29134187776623877,7.402865281509829e-05,6.140052512549169e-06,0.010309890432090888,0.0003562702936696242,0.3345298879418606,0.02602726519585276,5.8733437109602825e-08,0.0002082439818997576,0.084075433261045,0.13482657244673169,0.0010160340636296689,0.0052089162462791725,2.7232802444686656e-05,5.241704188324467e-07
9301117,0.0075560816905748595,0.002991771344818163,0.01976661024201082,0.021273641433453058,0.028255424456221794,0.008480490028914874,0.005176038798998437,0.018001553612945025,0.057726855432441486,0.011676686445528238,0.005760766749460288,0.046302448855609434,0.0692545715688343,0.0193788028833758,0.01912487035695239,0.020203215472849655,0.06544714810809835,0.02530455888013064,0.10423267148251185,0.01193367813192973,0.016998615987783898,0.046627268458904914,0.1604564366331962,0.1392971270872796,0.025468801406664743,0.018608592233832908,0.012931723092912132,0.011763549123766707
9809135,0.0025986664160782486,0.008711102692567498,0.007119216090571363,0.04381151339773851,0.007657831484099422,0.005309391315784571,0.015018953467256752,0.00016925144305019908,0.05766447087269276,0.0027655262741167817,0.0037991906134826926,0.01110598296289775,0.015647846580859326,0.13902430802883764,0.0018130451815738197,0.00019460371750774425,0.041312930909222834,0.0019163894301711655,0.24712645884614656,0.02269961216816305,0.00011247792088069119,0.002073621666079794,0.15761650330625615,0.1801957483728526,0.006379550346750929,0.016696998026158393,0.0014285545760067899,3.0253892195924626e-05
9806021,2.585846229297169e-09,0.012300915689524548,0.000504912390995251,0.009677374290675944,0.010358496679657494,0.0007720706712918722,0.00014412482496674949,2.1076367439423012e-06,0.008838143249265306,1.8060238046660204e-08,0.0029638125678703355,0.002514898736804146,3.7883194238411193e-07,0.2414490099723767,6.521819685351512e-05,5.4711248570878795e-06,0.002538351485417941,0.000328001980769664,0.31988170547421385,0.010906328726283701,5.855305602261002e-14,0.00016289177237211925,0.20369393299915467,0.15776709985773,0.014554691265113311,0.0005698923614484963,1.0550713617422571e-07,4.3060392064484204e-08
9806207,0.007365279930459648,0.0031020438426151275,0.02039660280024158,0.021816578112295204,0.027278846826870047,0.00836623875897866,0.005367038840724053,0.01809969669280114,0.05945846980415735,0.011821130180283428,0.005815741511878396,0.045234871371440596,0.06779120847645233,0.020269518998121495,0.017810849217090717,0.019432044096855294,0.06485947984303801,0.025447491022519586,0.1083784634310913,0.012384195288819618,0.015283570710921747,0.046136067745396137,0.16026122912013244,0.14130754213385344,0.024241147701871243,0.01861675950101046,0.012142318185156504,0.011515575854924538
9510084,0.004517737385916161,0.004500215872790791,0.01668455679512657,0.027955380912716713,0.025164334144444547,0.008451243460588419,0.006642834497368908,0.006246881700756519,0.06337847875359537,0.006708683712866669,0.006072943870729431,0.037917729455853075,0.042655924389804784,0.036672335064777364,0.012075050711845276,0.007369479194324881,0.0639800804077911,0.015506881845619045,0.14973639813582848,0.01569737998955669,0.003312402375868609,0.025082859720888764,0.18980058283077667,0.17217405664107704,0.02275658341505956,0.019183472773687153,0.006919435323117761,0.0028360566172235158
112005,0.001372667132396423,0.010059794911978275,0.0023769800446714873,0.045400287596981746,0.0049544067897122224,0.004219656745173521,0.01597138404805947,8.574489294799396e-06,0.036505661412940975,0.0007770464870188082,0.002451696323472716,0.005646596950877518,0.006474803981303026,0.23349912115924387,0.000903013794890828,1.7062778342439762e-05,0.030988527923043525,0.00034634182171973616,0.2465872748605545,0.019848561584830577,1.3040650346036488e-05,0.0003248982172025365,0.14799799805237285,0.16426268159595064,0.0046951123144560476,0.013657632977183901,0.0006382332057202681,9.421502614062309e-07
9211099,0.006582335777022653,0.003067490699112659,0.019913505929108413,0.021343399125191013,0.02891977551865336,0.008456412986079897,0.005009701239454939,0.018193580474638895,0.05816463012164811,0.010552988392088795,0.00589417442750295,0.04667079116982517,0.06342484455669474,0.01982359427497738,0.018753232942574735,0.020333351550829923,0.06482338927450813,0.025889501701207664,0.10706046166381916,0.012131048684165771,0.013737364309930973,0.04728137195940814,0.16400527538942172,0.14210308603772345,0.02612955413521264,0.01827680471488578,0.011827011590030353,0.01163132135428258
9611175,0.0005308663084588723,0.008845881968261483,0.003458379893805457,0.036928956974028405,0.011482123563324315,0.005291314728687404,0.007767083133753014,4.5161121944132685e-05,0.03835468890117177,0.00044039416935315816,0.0036824033233505173,0.011211045161084997,0.004487873191032963,0.1574530335195549,0.0020817884959139984,9.789267562733853e-05,0.03544013345739736,0.0010646116901982788,0.2360968201950891,0.018252612226395154,1.030043581399382e-05,0.001143357368400288,0.20088864058680694,0.18986788037823382,0.011938532979506304,0.01247370605484623,0.0006580404088875686,6.477089072241106e-06
9811089,6.092154649872742e-06,0.013143099608129656,0.002181154968876057,0.027319181311727864,0.003097279835672929,0.0014249183715522892,0.003486547975883236,9.60112321501931e-06,0.028734696178103813,1.8819301583565203e-05,0.0025242966539410832,0.0025276167902279225,0.00011292625607542156,0.27055361190702326,0.00010035121316383714,9.010393395909534e-06,0.008314779610523907,0.00044284159034741497,0.3381649513955296,0.021212669427659828,2.7084146682049644e-09,0.0002620377292308904,0.1193316640518962,0.15110528382151403,0.002630522131146076,0.0032768451987426773,8.766761807939421e-06,4.315299650890134e-07
9209013,0.0032215246901423217,0.003399904253519998,0.020211644022592814,0.021218894356810118,0.03177379697705516,0.00815419785320358,0.004160823642122091,0.018765077006212483,0.059070930809851055,0.006207626384538069,0.0064646617596663385,0.047488203925791075,0.03941931701876064,0.021720455215179905,0.016619571744960215,0.020536294517832843,0.06036751153897095,0.028389477420757633,0.11971201522324927,0.012880276661828678,0.004580513042049893,0.049582212870305814,0.17896599304350727,0.1535733103683119,0.02905061609132995,0.01633107734078538,0.007384492399419292,0.010749579821245253
9810237,0.001253838127723248,0.009166636775882976,0.003491581601253274,0.042082495724045765,0.008178885022237693,0.005158846519723331,0.012088222725983967,3.220175980333276e-05,0.04125733085933776,0.0008847268537507467,0.0032281939201534156,0.009183430279862702,0.007666180312144273,0.17741990563618404,0.001680693966742982,6.24347645831139e-05,0.0370022838302841,0.0007971725451265002,0.23952508722793842,0.019598300384363544,2.508357615826599e-05,0.0008345720525349191,0.17554193652910038,0.18046002297735256,0.007949588169146067,0.014517655580308583,0.0009081369398611178,4.555338412873607e-06
9601083,0.005685051809583,0.003631372691595744,0.018252125541501664,0.024141542917681492,0.028433899658755996,0.008694539498801546,0.005634892260840797,0.011299867041533337,0.060254814939728486,0.008570817548485201,0.006049660537717272,0.04403449632104448,0.05447591152880356,0.02595726797540836,0.01645267800139136,0.013399746240846949,0.06603985795088656,0.0207820276163023,0.12377484185353899,0.01353445061649088,0.007771908040508994,0.036402041735398495,0.17909152826061706,0.1565593057186726,0.025987327332405098,0.01899383476240922,0.009809342711996877,0.006284848887053817
9909050,0.007721857244669802,0.004669311638531472,0.0143479779429862,0.03087933587935235,0.02177051338382178,0.008744601008555468,0.008738601327482403,0.003460756705078483,0.062265316362941865,0.008848627762616277,0.00548032366277783,0.03384325717379653,0.0568824775131283,0.042783057609712995,0.011571786733254609,0.0044828985132634135,0.06787962177513554,0.010675123501855606,0.14998456132109766,0.015953708741715242,0.005370749439357039,0.017234165488695278,0.18441394368034875,0.17018552101852044,0.01974432751366893,0.02164454050334274,0.008901882449179192,0.0015211541051138198
9904111,0.006597528433627316,0.006334406579998756,0.0054429547983441545,0.03922708280697396,0.016453605546389655,0.008595169565699817,0.012268321115038954,0.00017695716093752285,0.04656521774054331,0.003547049247341691,0.004057650973801645,0.02055121124350451,0.03494694425439454,0.09387582430124514,0.0073501981616997695,0.0004205851305315529,0.06408896223027068,0.0020614390503061954,0.17436120276747588,0.01637931328801619,0.0011145053825165896,0.0029508146156016087,0.2044237161179764,0.1826985543132932,0.017070750442214185,0.022563889825461207,0.0058272009883972,4.89439183984333e-05
9805054,0.0018371187304744886,0.006598132877267056,0.0063014391055932015,0.03446237248361123,0.02042060287489972,0.007809939614710939,0.007560137478201481,0.00032640280724870977,0.046966347480105954,0.0015403829426025107,0.004820276717451518,0.022878241074897717,0.015405007586838855,0.08636225493955473,0.006614680874521279,0.000688717972571212,0.054620028941597475,0.0032422307370817355,0.18981783445223746,0.01670634833957088,0.00022168651921461183,0.004448928713099588,0.22388576424988554,0.1948715518550291,0.021351615800712286,0.017413053766689505,0.002745421001218471,8.348006311273935e-05
205166,0.0031457014495809826,0.005931554742826826,0.007589228994477717,0.03385832209973251,0.022212138374980688,0.008548265820644973,0.008026743156391328,0.0005782671170811789,0.050057106691952395,0.002608147618627121,0.005015205917937441,0.02685301400498056,0.024645258827867875,0.0710687246387657,0.008811545178398801,0.0011619411483978245,0.06141108862560501,0.004337089159584143,0.1742676062206503,0.01620177596160445,0.000681537336642842,0.006380988693548251,0.21957792879265034,0.1901117445970506,0.0228441478256201,0.019447211029601244,0.004450572768594382,0.0001771432062044095
9812067,2.2939573437958014e-06,0.011893629380953046,0.003477078514842083,0.022502817172296095,0.006959584819816419,0.0017553336822623074,0.0017286639198818702,5.965630153761288e-05,0.0318206951413663,1.1361821112649896e-05,0.0038941615506673244,0.004997780793136922,7.766174867559835e-05,0.18865501882171554,0.00021593476443868765,5.5716526289382876e-05,0.009397864338801609,0.0014953324389401829,0.3420939576108653,0.020393376438700317,2.0251612283834607e-09,0.0009977621713559053,0.16124360197871535,0.17695760456113815,0.006324743041869295,0.0029763878381512438,8.511883522502844e-06,3.4667564432768943e-06
9190,0.002727611227343736,0.007919615500638773,0.0032006045206289953,0.04188039217148625,0.011761517147823026,0.006860751404150257,0.012412246588535032,3.3904371315259274e-05,0.038787819333874166,0.0012965814770830918,0.0033502347091326394,0.012739409752084,0.014447851221133793,0.15002526390989074,0.0035595879062139033,9.313327975994956e-05,0.04914662922412859,0.0008294515474159163,0.20363557873289306,0.017164503761702764,0.00012102056603625247,0.0010091839196868832,0.1998681975511853,0.18396697885258043,0.012600413955901004,0.01832426650127293,0.0022310966947087793,6.154171394299654e-06
9810041,0.001325859523362012,0.006898058517675928,0.0005946468413887298,0.03536016696465324,0.018586053016232063,0.008205075116871175,0.007521155921313296,1.0023004879354023e-06,0.01623721439373099,0.0001691520399290525,0.0022800795575677536,0.011347237007697379,0.0061199743927354755,0.1907802920812678,0.006484565310827298,1.2216074491513626e-05,0.049554402952942035,0.0001254192973874317,0.14384563994256447,0.009987835012616164,2.8481954711836335e-05,0.00016855922832799923,0.2615713222694885,0.17370697782506425,0.03046878746887502,0.016420628219450152,0.002199049487391405,1.472809491669498e-07
9309014,0.002605772404893809,0.003958212376694661,0.020327882289062755,0.023368056088366933,0.02919641617613143,0.007896947735604981,0.004588197313792184,0.014776906337257072,0.06293606592099757,0.005350596911583071,0.006636659066599301,0.043400227765972195,0.03257530758222643,0.027030781471165256,0.013115343162149113,0.015197373235756664,0.058434961774783925,0.02558326218027469,0.13855419649240872,0.014520382373332717,0.002438839961931763,0.04214708645785511,0.18537190322803274,0.16468283378426393,0.02612613039281803,0.01622497542208104,0.005558197118286069,0.007396484975677599
9911116,6.315670958655244e-17,0.014813120222703407,0.000277454066922116,0.0010616791182425191,0.013732109831707409,4.901248869708544e-05,3.0196538488096115e-07,9.556647594572134e-06,0.002460768821683554,5.4448770384045236e-14,0.004524616957753524,0.0007340820964986633,1.1748734163985297e-12,0.15668416551677067,7.418833780641185e-07,7.494583413299494e-06,6.204890509439239e-05,0.0017174242407017957,0.4671678361656538,0.006676731449725934,7.746343370319337e-25,0.0003214380977617981,0.1840198909870888,0.12468099765388609,0.02099208637414372,6.417685088260767e-06,5.582278927576669e-13,2.4238318159544403e-08
11191,0.0007095201760600074,0.010399827967775728,0.004667516006287412,0.04240488811797852,0.005003830394914401,0.0036803717180027154,0.012876951123140322,4.726244675746346e-05,0.04813448539734821,0.0008655235510598332,0.00312544826999466,0.006430063283429801,0.004872115793858387,0.19562473684576243,0.0007077559330705976,5.229998193327204e-05,0.027255797084808613,0.0009394090565126161,0.28032935082381893,0.023350772629851142,7.4199527729896745e-06,0.000837680560802272,0.14044093397955537,0.17112417146268272,0.004126834891118316,0.011592293358610964,0.00038731021466905996,5.428977423288288e-06
106200,9.5374555235481e-05,0.010735313038781433,0.0006789739465028605,0.03445571033979756,0.005322782652268276,0.0030625496042777614,0.006603272146575244,6.13508645583873e-07,0.0182015823900029,4.1191883746016064e-05,0.0018616384635069514,0.003539131057754073,0.0006788593608917765,0.30968752627993207,0.0005167886845570103,2.5641041920319964e-06,0.018307067579425795,9.006698139627954e-05,0.2356670399731396,0.014506947648836052,1.3553522828742044e-07,7.34938241193417e-05,0.1669491695805392,0.15507645555488409,0.006505615927924366,0.00723389522164648,0.00010620168951289613,3.8466680511920905e-08
101042,0.0010792712613565275,0.010811321728358863,0.008075508424986888,0.04510713913223822,0.0031765131904283885,0.003032283724211373,0.017599677598093385,0.00012836723634765916,0.06382221293806982,0.002102054295457178,0.003149682027859004,0.005367139634950349,0.0069113392319594515,0.18591735401361126,0.0004169048558504901,7.452433121657288e-05,0.024586009031142744,0.0014833454114012955,0.3046120799545492,0.028227033175460343,1.2376060524836294e-05,0.0012222821306445905,0.10861520572844144,0.1603774653778991,0.002136297171966639,0.011591326001821538,0.0003503523301889876,1.4934000963911156e-05
9809053,0.0017862312985066978,0.007415831878136555,0.016994271014481727,0.03648727554122877,0.01131179385790473,0.005523018306162906,0.009864968404711837,0.0023573469546240935,0.07661698076060891,0.004126214357918268,0.005509565085969004,0.018508758901212362,0.01720352011711372,0.07863960729258532,0.0026773258101409603,0.0016289190143496239,0.04312296760504249,0.008910659259311364,0.24219747844366238,0.02372702754833751,0.00020340187813836272,0.01046537502398148,0.1619417699320465,0.18672863736891243,0.008547898593981024,0.015376648056145317,0.001540512563612788,0.0005859951311727807
12186,0.008309848433505941,0.0043817164570478595,0.007626326765037375,0.03014918065966446,0.028314151955122182,0.010399130309570105,0.007865177512496399,0.000909606804539843,0.04595219224426049,0.0050781961059826715,0.0048420757461611445,0.03566371648082848,0.05389200639867438,0.04702720789731517,0.0179811769521305,0.002266606077145349,0.07595938432826761,0.005251700802472398,0.12845574639711974,0.012949935697510535,0.005529566705992516,0.009191717753608311,0.21444655902656123,0.1710059785776149,0.03079452914719987,0.02318577658570146,0.012175800554402805,0.00039498762406649295
9211132,0.0011333291067495807,0.0037710189880706224,0.019814616839528863,0.02020452221317651,0.034811858604328824,0.0074402581152225086,0.00307947637310426,0.018816670745484248,0.05793568110341032,0.0028235466611555363,0.007065673802664833,0.04670682249183829,0.01897146325748837,0.023706397298333022,0.013459171104537229,0.019993777484352954,0.052311462030867915,0.031019849794629958,0.13440294132029404,0.013452139829096085,0.0009333941652311514,0.050884646879345755,0.19421555781526706,0.164413667995551,0.03236040654499127,0.013380389319282513,0.003651723567073643,0.009239536548923838
9405153,0.0024654119048876824,0.0039285672993012175,0.022511289118866233,0.0229610404866455,0.02753588178108353,0.007507618208111766,0.004539542099672008,0.01889732823073839,0.06533465333628663,0.005740172522425385,0.006699306563638393,0.04245321540955861,0.03189882368565732,0.02592769524590404,0.011916360567187189,0.017230867165577583,0.05609333505639967,0.02896710514929616,0.13998937084268617,0.014806994826018997,0.00233028709595984,0.046962553385607585,0.1774257384771067,0.16177127929736607,0.02383721077640578,0.015658404984339517,0.005098819056784993,0.009511127426487048
211066,0.007119123846471986,0.0047690773625924795,0.01725337553813269,0.03089651795674056,0.019856537876209453,0.008167361234769677,0.008883051260732367,0.005118681094164614,0.06782172749285743,0.010030834461513921,0.005665531200271217,0.032810490426882805,0.05529375004636021,0.04170929904612813,0.00980268843190446,0.005396040544860808,0.06447287270654511,0.013132205824280206,0.15745298909446132,0.016975960315443576,0.004821022570767803,0.020559773840020244,0.17494613754560032,0.16929332999383404,0.017007122311404554,0.020823958055271347,0.00768827927682148,0.002232260644957104
203193,0.0021288720183969185,0.006841710425432087,0.002600250811089557,0.03663752907140283,0.01927450844220288,0.008285729646218633,0.008523060964412866,3.392688779539104e-05,0.032449372998548165,0.000811774773922867,0.0036088601248323296,0.01759894731011897,0.01308367314948815,0.1228151017926269,0.0068059850078906,0.00014069249206693715,0.055570176666495316,0.0008992769939285473,0.17315148846073092,0.014111654076856718,0.0001422459168597164,0.001232514535048395,0.23911759913499012,0.18901520260886234,0.023795739302243057,0.018343653249496106,0.002973317829277293,7.135308765409563e-06
9309027,0.0015280008866508249,0.005089365426579134,0.01695813205986305,0.02686349667989122,0.026268195338456195,0.007489027212230782,0.005013482246723165,0.006533712576332708,0.063578293286447,0.0030967569679045417,0.006644707670646554,0.03605060795414267,0.01985768556017356,0.04082086163146945,0.008962148435012082,0.007045240625296742,0.05405843564266042,0.017289292013963405,0.17219108686251386,0.016815253421053167,0.0006066281985215795,0.02578439823983119,0.20230586902967426,0.1842807741267647,0.023728041587266175,0.01548655803620488,0.00316650171798377,0.0024874465657430023
9802062,0.005951303781156868,0.0038652620928600807,0.020406644491758958,0.025417983576940847,0.024655661111037275,0.00821801793718836,0.0063464705249198575,0.012470503355602994,0.06532154149404684,0.010036280813070347,0.006061043449839733,0.04056502469844267,0.055595276016609005,0.027935392333025087,0.013354463485083058,0.012590814245797537,0.0638212266305173,0.021584393179615233,0.13336021073330512,0.01472138594738052,0.00712697181886431,0.03630470968627903,0.1709312123778587,0.157580051917643,0.02137607811649201,0.01901774482035365,0.008760548122781112,0.006623783241530445
9509073,0.0013079422603363847,0.0047995583714189145,0.01370732954709025,0.02531324705522106,0.03210072113695728,0.008087263553764401,0.004226572974841523,0.004807845739354037,0.05579158276974886,0.0022049729306705805,0.006591727757508951,0.03959567236258175,0.017706167870691448,0.03896749946462732,0.011641860589864318,0.006750261865706781,0.05623888207653271,0.015093254764610294,0.1584943224667114,0.015055032002255987,0.000553917633424839,0.02359450889869735,0.21998886254826763,0.18519643663449045,0.03153931024444589,0.015316005605348211,0.0034488789452985103,0.0018803619295329078
212225,6.634637320078007e-05,0.01088809104651935,0.0016980298018609249,0.03299859009254481,0.006371010416630504,0.0030174190542307778,0.0054838465820888594,6.383364815226155e-06,0.02712214892578014,6.581478279435552e-05,0.00268558452938597,0.005002764096824601,0.000702821951317119,0.24294581580974461,0.0005385994068004188,1.3988848746626763e-05,0.0184225355215384,0.0003566308586241831,0.27063210865136667,0.017770359984071445,1.5958640203504537e-07,0.00029128221622837296,0.16898615878400908,0.17028714215412485,0.006696343444072966,0.006859010963096261,9.053313593296448e-05,4.796172477947728e-07
6101,0.0047238267421950576,0.006709600439822338,0.01079203608744248,0.0387022461285228,0.013645760018233642,0.007175264843047889,0.012048371585249698,0.0008350769222489112,0.06344893651038093,0.005274186250012861,0.004825979539701266,0.020586022096156287,0.03180507146669511,0.081673514842149,0.004841023805475481,0.0010098847911921213,0.055928946089057234,0.0048653865232138145,0.20373566157751943,0.020083521762210278,0.0008300498259148167,0.006446406076388609,0.17968144233320807,0.18447451076394736,0.0118333022594978,0.020021740832672014,0.0037674055880065594,0.0002348242998381161
9905231,0.008037022489083293,0.005793349158104677,0.0009310414429638041,0.03861861769594541,0.019789695150020936,0.010596805039209721,0.011755147487385105,2.956232951117147e-06,0.02043968129219001,0.0008764131609403083,0.0024164022554635347,0.015474254144477473,0.026089095228704225,0.14344003812977482,0.01195776632008632,3.142322213830747e-05,0.07041782755370342,0.0002080876836052208,0.12440899792363769,0.010108854476584845,0.0006756182207051048,0.0003254819109796015,0.24614862992503306,0.16794620588720563,0.03035038299799161,0.024484502151501292,0.008675051175841754,6.516437715700786e-07
6005,0.0021907963939517094,0.006026533497584986,0.004115433145355665,0.03315759705816398,0.0251062435668036,0.008963036885970287,0.006971135051827393,0.00014297864783683259,0.0375733323332948,0.0011581223846771115,0.004398383129441831,0.024583670667061946,0.016479407565373264,0.08609306938644301,0.009789663666130077,0.00048026650804672863,0.060458247343587235,0.0020700383315405005,0.1634305381021616,0.014010273182327511,0.00030092087306027505,0.003067605583325694,0.245475426455919,0.1916118670994108,0.029855463990897616,0.0185754026933368,0.003876396160672947,3.815029579691573e-05
9608169,7.689294176207335e-05,0.008189570525628064,0.007743271951365509,0.026865004979537966,0.01819415244373785,0.004531438923380981,0.0031019892289789425,0.0006309629853206636,0.04717524114294073,0.00020366862096891708,0.005743952530114768,0.017205798618533684,0.001591111893501461,0.09410941397414699,0.002129747929283535,0.0007732076073506956,0.02801943295544631,0.0054860535722356905,0.2557790612486559,0.019157365012912153,1.8326814234203449e-06,0.005829172064957776,0.21759061255340265,0.20393558929079564,0.017502500310517043,0.008088491829760253,0.00024305651141218618,0.00010140567192825355
9612210,0.004667463503455432,0.005824462433186161,0.0007522823470109114,0.03636901614039059,0.022204532894703824,0.010433005789438397,0.00943199320701725,2.027742973702939e-06,0.01798818229077125,0.00048364687479871595,0.0023972719149008065,0.01539612918036261,0.017167461683062407,0.14839512535030555,0.012139121962847246,2.5716934376784542e-05,0.0662950872914007,0.0001766461758953578,0.12262556174479765,0.009461241746451262,0.00029833373978591196,0.00027425288555137865,0.2622149740471132,0.17020747828685173,0.03620917918664851,0.02203013229655415,0.006529257556841899,4.1479250660383693e-07
9603149,0.0015701816495819973,0.004870343700933409,0.017555513629275866,0.02600570332396089,0.02737211914643968,0.007565955386842045,0.0047872777050130145,0.007757697804542451,0.06330988362092448,0.0032409526069633846,0.006716509663894725,0.03774796205535031,0.02080151062147217,0.03769665863388936,0.009684532020133012,0.008330549843719993,0.05460585380093954,0.018961244285655352,0.1660484568532771,0.016350626717428453,0.0007188907909099016,0.028801926275630198,0.20120011259523507,0.18159124430464288,0.024777678727590468,0.015438996100075845,0.003395721510890712,0.003095896624787738
112095,0.001702511545259716,0.00844530480860968,0.017822955593272776,0.03970352526343789,0.007118185191656166,0.0044420312177041385,0.012634211725102432,0.0017613461528855788,0.08270193954246706,0.004662155760054297,0.0049368810275063025,0.012941393287158005,0.014892294256229071,0.09801864287416252,0.001374115076859843,0.0009006389849438828,0.03609408433411651,0.007089458673899122,0.2728181228058022,0.027152166872393035,0.00010938145315539509,0.007363969103796809,0.13594531598247014,0.17894361752069274,0.004830539924013694,0.01425765873864162,0.0009768034551670061,0.00036074882854231303
